4530598
175013
1584396852
1584396851
1584396850
1584396849
1584396848
1584396847
1584396846
1584396845
1584396844
1584396843
1584396842
1584396841
1584396840
1584396839
1584396838
1584396837
1584396836
1584396835
1584396834
1584396833
1584396832
1584396831
1584396830
1584396829
1584396828
1584396827
1584396826
1584396825
1584396824
1584396823
1584396822
1584396821
1584396820
2176051898
2175026055
1846003933
2103997348
2101340279
1692900924
1692900852
1916648716
1690439027
1690437203
1583103302
1583103086
1583102872
1583102713
1583102631
1583102543
1583102457
1583102385
1583102308
1583102239
1583102185
1583102142
1583102100
1583102054
1583102007
1583101978
1583101940
1583101914
1583101886
1583101868
1583101845
1583101829
1583101817
1583101805
1583101789
1583101788
1583101778
1583101773
1583101766
1583101761
1583101755
1583101747
1583101742
1338482719
153799483
153799481
153799479
153799477
153799471
153799467
153799465
153799463
153799461
153799455
470487126
2058449
115354050
26986072
2211765478
2214682576
2214682497
2210217086
2210203395
2210131382
325955721
